102 68 102 70
64 46 111 46
99 64 132 68
68 40 60 42
====================
27 24 90 51
90 36 87 103
201 54 212 186
66 12 72 56
====================
130 57 93 104
155 99 121 122
114 25 61 54
148 43 64 85
====================
153 155 206 204
126 130 169 154
57 61 93 82
53 70 119 94
====================
84 162 140 163
58 103 117 107
97 183 162 183
63 124 89 109
====================
98 110 52 85
76 125 53 110
64 72 50 106
116 87 80 107
====================
74 43 55 64
108 58 74 86
182 104 143 184
116 70 114 173
====================
59 40 102 89
123 138 246 147
156 198 333 186
44 64 111 56
====================
84 134 89 90
36 66 55 73
47 85 65 85
45 93 58 113
====================
194 140 118 176
113 88 76 96
123 60 62 137
187 116 98 175
====================
149 155 76 87
167 185 106 93
196 181 120 125
128 140 24 88
====================
140 85 124 84
202 131 184 103
102 44 75 78
74 50 66 39
====================
125 101 108 207
125 119 138 227
18 60 48 85
154 88 114 220
====================
112 116 90 45
147 135 159 78
123 97 112 96
90 98 104 15
====================
63 50 64 103
30 35 57 52
101 71 83 135
81 56 62 125
====================
28 31 63 60
106 43 125 92
150 43 149 110
149 79 186 156
====================
65 127 181 186
11 40 100 92
52 76 96 118
6 19 41 28
====================
71 124 179 77
92 113 216 74
75 75 141 81
68 105 160 74
====================
66 55 79 135
56 24 96 42
56 58 198 54
35 27 60 33
====================
146 128 113 157
101 91 75 113
164 127 131 140
116 26 39 26
====================
135 106 52 189
21 74 20 129
61 50 46 125
32 18 21 49
====================
157 131 178 62
206 106 234 60
116 112 124 62
141 126 142 64
====================
205 99 119 154
213 92 133 149
89 67 58 76
191 121 144 151
====================
90 116 68 118
103 109 58 147
131 115 70 151
44 104 60 55
====================
167 73 86 90
165 96 75 93
230 109 156 136
175 86 79 112
====================
36 62 75 37
113 124 133 66
107 130 131 109
156 184 202 144
====================
26 87 84 100
92 115 80 120
110 130 90 164
99 182 157 126
====================
93 51 96 32
122 32 112 168
70 31 74 132
98 45 104 92
====================
118 63 124 70
84 69 159 48
59 30 81 42
93 44 99 56
====================
